image_width: 640
image_height: 480
camera_name: head_camera
camera_matrix:
  rows: 3
  cols: 3
  data: [822.048195, 0.000000, 359.906185, 0.000000, 823.232774, 283.337731, 0.000000, 0.000000, 1.000000]
distortion_model: plumb_bob
distortion_coefficients:
  rows: 1
  cols: 5
  data: [-0.497674, 0.234627, -0.003029, -0.010604, 0.000000]
rectification_matrix:
  rows: 3
  cols: 3
  data: [1.000000, 0.000000, 0.000000, 0.000000, 1.000000, 0.000000, 0.000000, 0.000000, 1.000000]
projection_matrix:
  rows: 3
  cols: 4
  data: [751.888998, 0.000000, 361.812049, 0.000000, 0.000000, 779.674744, 286.634446, 0.000000, 0.000000, 0.000000, 1.000000, 0.000000]
